-  
  name: wall1
  frame_id: map
  length: 6.0
  width:  0.000001
  height: 1.0
  pose:
      position:
          x: 3.0
          y: 2.8
          z: 0
      orientation:
          x: 0.0
          y: 0.0
          z: 0.707106781186547
          w: 0.707106781186548

-  
  name: wall2
  frame_id: map
  length: 1.3
  width:  0.000001
  height: 1.0
  pose:
      position:
          x: 6.0
          y: 2.2
          z: 0
      orientation:
          x: 0
          y: 1
          z: 0
          w: 0
